-1.034813993556213729e+00
-8.014569445456714014e-01
-9.729996999177930039e-01
-1.414582760602926870e+00
-1.414658078981156253e+00
-1.357698227520039325e+00
-2.492199645386117268e-01
-6.553314824754183920e-01
-1.076362486984992151e+00
-1.283553959735951322e+00
-1.347685993135657512e+00
-1.372748647410317435e+00
-8.056063283843430955e-01
-4.155236957137450338e-01
-9.272638301256657112e-01
-6.186327966722185989e-01
-8.122767952824746507e-01
-9.458913384048421857e-01
-1.401604975907563944e+00
-1.054274546261527501e+00
-1.054958039010153836e+00
-9.650982695202147132e-01
-2.297839177800353183e-01
1.578846832989545257e-01
6.137023515133058216e-02
-6.232942584791481000e-01
-8.252996658244822203e-01
-4.171711973849577260e-01
-9.622840795922060764e-01
-9.719438816496459577e-01
-3.074880922039307518e-01
-3.097154324064158581e-01
-7.253596569874122268e-01
2.056330194425640689e-01
-9.574808507526721968e-02
-6.563589588722393842e-01
-3.986312298880466121e-01
-8.225513138376521205e-01
-4.633391096924743269e-01
-1.802486012491650302e-01
-6.550176440582073933e-01
-5.126936583109404921e-01
-8.851448113950052821e-02
-9.208968562778730993e-01
-1.856177138404727367e-01
-1.719792859163146170e-01
-1.151980902391450456e+00
-1.039908223087880224e+00
-1.008552372698376942e+00
-1.017697510553256413e+00
-1.003023668258892442e+00
-1.670708092134634226e+00
-1.446088445002281953e+00
-1.647307686689845063e+00
-1.290292788976914906e+00
-1.524104248546140017e+00
-8.737423847892120676e-01
-8.128401404997864788e-01
7.432990478907497423e-03
-2.373013789319320388e-01
4.574257270579030754e-01
-3.602613859878676106e-01
-3.723149939513431539e-01
-7.143730107539374430e-01
-1.683617184108424092e-01
-7.811177191219113025e-01
-7.408027667164811536e-01
-6.870576212760504120e-01
-3.657266813349085988e-01
-4.298908282534207315e-01
-6.881596405397467642e-01
-8.177702256096084366e-01
-7.143963674495013016e-01
-9.809784478141757580e-01
-6.274929870516342545e-01
-1.007750673025450849e+00
-9.863222120116542646e-01
-1.265595288847456146e-01
-6.665821331609552702e-01
-8.069847199486988032e-01
-8.491016616701443365e-01
-6.331063544318795699e-01
-4.268672832020519170e-01
-3.889841880276426744e-01
-4.676217181508147136e-01
-8.021068364113057569e-01
-7.179001858020032101e-01
-8.062264382799633200e-01
-6.055897779639246581e-01
-1.044091080541427186e+00
-9.027562087996493512e-01
-6.618585402249584915e-01
-9.249303085206790342e-01
-1.565245153915586052e+00
-3.736576899881674518e-01
-9.508536793606788828e-01
-9.618743172762274085e-01
-9.458691495179147868e-01
-4.325513988838195489e-01
-3.211478891437977157e-01
-5.069645167262262220e-01
-5.524222105608563860e-01
-4.462587039332059358e-01
-1.228291429062911444e+00
-7.187327990388263643e-01
-1.187187909576958855e+00
-9.613926333167023275e-01
-5.391488961805326330e-01
-3.136308236545504724e-01
-1.914379302268819361e-01
1.944321410084522972e-01
-3.338907706074400461e-01
-1.137212984274325600e-01
-8.656794668378100521e-01
-9.580855274949109379e-01
-8.337979513028592748e-01
-1.047297000401315570e+00
-1.625811092210866782e-01
-4.992536076616442831e-01
-1.555138840602952599e-01
-1.171098162744453441e+00
-9.312621297952412558e-01
-8.313264242593980669e-01
-4.412421492990299399e-01
-7.733520281949086694e-01
-1.188831533039633070e+00
-9.556746549485201081e-01
-5.153909808725047892e-01
-5.114404361864506310e-01
2.270242127023389678e-01
3.953271778865654618e-01
-1.520049601640263148e-01
-5.642949523262519307e-02
-2.311199453740871990e-01
1.398514966511037905e+00
1.204068150781329116e+00
-1.135087384219053863e+00
-7.379883497034313011e-01
-7.609912601599803095e-01
-1.379362590166139491e+00
-8.017688712724644340e-01
-1.078275455679500006e+00
-3.757913790580023061e-01
-5.090797962494628681e-01
-4.047901294533623462e-01
-2.246258526387494847e-01
-4.953624012584403324e-01
-2.882352411016079752e-01
-1.244613748897723582e+00
-6.991353794328846183e-01
-1.066681121262522680e+00
-1.028454917861122420e+00
-1.069832010003740619e+00
-6.563162080755228223e-01
-4.330604809828544344e-01
-6.217086997023062445e-01
-4.864289881045644193e-01
-8.179191760669073386e-01
-8.003527671159114121e-01
-8.054478735016834534e-01
-1.040523487346177500e+00
-6.159049660876008137e-01
-5.278545774320280159e-01
-3.652332491120803271e-01
-5.258726360118226584e-01
-7.656485492408339200e-01
-6.507932319680973521e-01
-4.922536956259093710e-01
-5.615261631827950239e-02
-8.994858454629865996e-01
-3.633983258636876990e-01
-1.024231538343074011e+00
-1.122034185491338487e+00
-1.265638087848903748e+00
-9.544615040891160085e-01
-1.470807345872806593e+00
-1.606254664182046987e+00
-1.352994311151946016e+00
-1.751696446920475658e+00
-1.403666161904343124e+00
-1.271456030976279683e+00
-1.119929058543291944e+00
-9.014750388193845110e-01
-1.939303244938902271e+00
2.735119036782701851e+00
1.614133712437915147e+00
7.964841624191059122e-01
1.689877921361705226e+00
4.210769388747526709e-01
2.155775986064030481e-01
-5.444648770299239660e-01
2.651130335588788300e-01
2.108306041411576182e-01
3.615969346434951825e-01
-4.840930166455579275e-01
-1.197358254692031387e+00
-5.948483928804852994e-01
-1.064723741046347705e+00
-7.615025899659959574e-01
7.075647849383237542e-01
7.925757358265442809e-01
1.534890271956221852e+00
9.201350956357366995e-01
4.396023427564182406e-01
7.980069943894296802e-02
-1.386910147022288209e+00
-1.481616058520566659e+00
-1.332462381241638516e+00
-7.513337836762996602e-01
-2.856354041646360642e-01
-1.064971833361658266e-01
-6.184147247201461361e-01
-8.354075359605090956e-01
4.728524561592836184e-01
4.601323657493044950e-01
7.494875224172221628e-01
-8.280544335430159997e-01
-1.591285407235464522e+00
-1.229199502653821829e+00
-9.358365642074324420e-01
-1.041640762666182107e+00
-1.291819157925090389e-01
-3.188337552773249928e-01
4.911403639236945340e-01
3.773718364340408749e-02
-1.399566748108043157e-01
-9.971799003550003704e-01
-1.136762413114687398e+00
-2.854893593852327882e-01
-1.105452789677569547e-01
-2.438930083381145031e-01
-6.812397216613828022e-01
-3.926604357728473715e-01
6.882823053219691012e-01
-4.909974363294621336e-01
-1.941502564730485103e-01
-7.892516330977319972e-02
6.216493611645984574e-01
-2.659665973252093307e-01
-1.232577274100238762e+00
-3.267266082948053763e-01
-4.430617177173771237e-01
-9.192932169414644861e-01
-1.502811668995225336e-01
-2.829929387821878972e-01
1.050188783224352829e+00
1.753614454774443665e-01
7.559955957866906218e-01
6.388546308721444467e-01
-8.016197609634947430e-01
-6.372837190477070868e-01
-7.537625559945815290e-01
-1.010276613131992018e+00
-6.290741312220011761e-01
-1.391661833628571099e+00
-7.053850027501409325e-01
-7.087302745790886593e-01
-6.719611335577237998e-01
-5.103598350453854016e-01
6.553584202592593888e-01
3.971471459197110088e-01
4.741084937676572353e-01
1.052120500472218112e-01
-4.939934656617741560e-01
2.551071580781066328e-01
1.067617306893851703e+00
1.677995893118033877e+00
3.212997004464381856e+00
5.412484571466185557e+00
5.372322876796157942e+00
5.517952829797555303e+00
4.274148349664153912e+00
5.414609147109388232e+00
1.223657078699043499e+00
5.383002410255647296e-01
7.533524828684401431e-01
1.892643834902419941e-01
2.959561641139535570e+00
2.110520300521994130e+00
-5.310438257318500499e-02
5.273105381227805033e-01
-7.435734346770906944e-01
-5.124773108847208158e-01
-7.904766389673235638e-01
-1.218202720963097674e+00
-1.997167413872625197e+00
-1.940186247144191967e+00
-7.710216396287311591e-01
-9.258302575478590812e-01
-5.167081082134769021e-01
-8.197187658376345887e-01
-7.644015386901004128e-01
-1.427446071455372723e+00
-8.608353097131922205e-01
-1.099923193157280377e+00
-7.531467142833063733e-01
-9.520240950180760553e-01
3.414285534168929326e-01
-5.277922268847555776e-01
-4.878122899258929834e-01
-2.959544359410327674e-01
1.411325645975047838e+00
3.390290194348943409e+00
3.596760627304039559e+00
6.980137190782644829e+00
5.660656845797154446e+00
6.066984612937836197e+00
6.430191069786719282e+00
8.247114294032860116e+00
3.919622216364121670e+00
-6.712827962040188723e-01
-1.711125140521083665e-01
-2.278311792390307344e-01
-4.163448805510189255e-01
-1.043819366584563646e+00
-8.158749358645032146e-01
-8.574263940728494848e-01
-1.621187283544515800e+00
-9.193273264182856286e-01
-9.145868601612537896e-01
-1.158407524634692543e+00
-1.238028337054938088e+00
-2.057528524995346220e-01
-3.428313672354155184e-01
-7.550150499782115610e-02
-6.236622013377501883e-02
-8.577182050973599647e-01
-1.578452472181281596e+00
1.909773289413922104e+00
3.643872213778734270e+00
2.750809075328557007e+00
2.506227859226589860e+00
1.889909509323174586e+00
8.903957493138782153e-01
4.886764807269374788e-01
-7.116110579481699228e-01
-8.953477701366590047e-01
-8.454664049959146332e-01
-8.507531699387388402e-01
-9.410976227213463385e-01
-8.887539230263412637e-01
-3.165081025303078111e-01
-3.237708924967664936e-01
-6.921829751845860468e-01
-7.758659976704097572e-01
3.405524377473092557e-01
-1.619737842792188798e-01
1.365816550625632009e-01
-1.059859818771400786e+00
8.168651487310212289e-01
5.676485897148532134e-01
-4.783391434545103404e-01
-6.079373279458771817e-01
-5.982102957955771627e-01
-1.175003953359685438e+00
-4.488207978203147541e-01
-8.748611095310447894e-01
-7.563713712246589171e-01
2.153036017413826886e-01
-3.544557829038441632e-01
-8.985736325370390354e-01
-1.156880478731663331e+00
-5.414201942772001175e-01
-6.489198772298058193e-01
-8.281637184043890709e-01
-6.068995767650244844e-01
-6.919540267085154683e-01
-6.216178410668853349e-01
1.535974072173089677e-01
-6.262207502951785409e-01
-5.119067043216058988e-01
-9.175174943350189460e-01
-1.165845169666475112e+00
9.899416462205901102e-01
-1.028352765604186869e+00
-4.871695291804316041e-01
-1.277410762775822217e+00
-2.214565027404610476e+00
-1.454903990345748799e+00
-1.945368914441018671e+00
-3.283825948887239554e-01
-5.596903558623176345e-01
-1.113813081023252938e+00
-1.101115992861425363e+00
-4.462129502854192964e-01
-5.508590425362962506e-01
-8.255797445704791127e-01
-4.703525579347129781e-01
-1.738802192950850145e-02
-1.159608715443813276e+00
-4.038737974429320032e-01
-1.168492717268293735e+00
-9.173064146325515811e-01
-1.710927495181039593e+00
-1.238147976334198708e+00
-8.343873509204398076e-01
-7.632388208031941623e-01
-1.282915621360654068e+00
-1.070281634758151856e+00
-5.631200448564581684e-01
-7.460387559528458556e-01
-3.328850866622506954e-01
-1.514635844043000501e-01
-4.815512351681932035e-01
-3.214580282452835225e-01
-6.495655669890878503e-01
-1.190025253561310725e+00
-8.562263324264256514e-01
-8.724657524508231399e-01
-4.430291303227531508e-01
-1.131455586212809228e-01
9.795022215977211566e-01
-6.629736604320729532e-01
1.084290166080692508e-03
-5.174477655259485109e-01
-5.989309763962171740e-01
-1.070505825219829621e+00
-8.776276540162826212e-01
-8.201808933334062690e-01
3.147287441810709963e-01
-4.807638985861766301e-01
-6.759628079569776071e-01
-5.145461775922017811e-01
-9.675806654912306737e-01
-9.269011748966284880e-01
-7.567965049913535358e-01
-1.175160865441838565e-01
-7.913292562721996326e-01
-8.097943108298605308e-01
2.637320877135573838e-02
2.147013071998159495e-01
-5.669530693560804746e-01
-1.292458339667396761e+00
-8.360889284420190970e-01
-5.563567895127552454e-02
-4.389211750648713828e-01
-3.739841802469549004e-01
-5.968248255419523751e-01
-7.545528757719309754e-01
-1.146606520902493820e+00
-7.351452936201241517e-01
-7.125851899039099546e-01
-6.930414466025343057e-01
1.651587915649478655e-01
-8.296694149435487331e-01
-4.135434550960772060e-01
-1.107127669175729023e+00
-8.908021546633085874e-01
-2.347448855216108243e-01
-3.853779302205306845e-01
-8.741156355411415779e-01
-9.008857826324359053e-01
-1.010119091924538637e+00
-7.412520739750607657e-01
-7.034265204753629153e-01
-8.077041470699970471e-01
-5.238595751966521608e-01
-6.452075894153400659e-01
-7.082850513897041012e-01
-6.375244248883041864e-01
-7.857322510094268964e-01
-1.161674437161941409e-01
4.247268742834047206e-01
-3.448992993013026975e-01
-1.354239881133525003e+00
-1.025037367170610780e+00
-7.318531137677576348e-01
-3.181988649917676382e-01
-7.993609256606704072e-01
-4.523022319248841683e-01
-4.219583127694916946e-01
-6.676420765932363777e-01
-8.876967517309939382e-01
-7.801605877429378388e-01
-1.024253580887430903e+00
-5.685951770589674492e-01
-5.746324350697432637e-01
-9.041358210222544267e-01
-1.037011794232874262e+00
-1.381681859466034501e+00
-1.843342038841148778e+00
-1.552591746170166598e+00
-1.405618770176970678e+00
-1.542177133347274687e+00
-1.113880902159799735e+00
-1.320814515812644308e+00
-1.424166278733311808e+00
-1.492374920028176177e+00
-1.661996379680007019e+00
-1.331672855524023369e+00
-5.860835042996841437e-01
-3.338299376252752415e-01
-9.852029018358200441e-01
-1.335973526307309811e+00
-7.140479885010651007e-01
-2.785493210692298605e-01
-1.147292153387710067e+00
-9.311881148578045053e-01
-6.974445962982248615e-01
-9.362816832166407366e-01
-5.270171631086305597e-01
-1.083020362438374073e+00
-5.557682331294664380e-01
-5.812075901465242334e-01
-4.728492631855402140e-01
-7.609980932392165220e-01
-7.456406514860000057e-01
-2.359183950795087359e-01
2.386621905059183035e-01
-8.398789489293153609e-01
-9.294683591992375371e-02
-6.340160118875203255e-01
-8.385356386339185564e-01
-7.185165291643963448e-01
-4.460826745353173028e-01
-7.150056962524027337e-01
-3.393166624151314759e-01
-1.224369819905230639e+00
-8.288856060667237902e-01
-1.152898908564349290e+00
-5.383698778151725373e-01
-6.150477908793026138e-01
-8.534340007348071300e-01
-9.114573135956935968e-01
-6.650121920329876701e-01
-7.366412382267434333e-01
4.624708751712824917e-02
-4.622675090896697370e-01
-4.805034945618945619e-01
-1.152284857649992666e+00
-4.745067663032493388e-01
-5.884053625255608599e-01
-5.239245954483789935e-01
-7.837318044448927656e-01
-2.799575962840849530e-01
-4.166347164791215363e-01
-9.746314936529082429e-02
-8.178164190973394310e-02
-9.321344289452226928e-02
-2.893123456178882114e-01
1.043237168394907766e+00
4.919269759918990514e-01
4.085610859027041242e-01
-3.069468400424316123e-01
-1.095906298721728955e+00
-1.001393837163772726e+00
-8.390495256767435128e-01
-7.804852141776807972e-01
-7.167440903671379315e-01
-8.319902623426193022e-01
-5.377280571442556445e-01
-3.511815405294290149e-01
-9.720858748404526128e-01
-1.083634486667442109e+00
-4.694658719575863781e-01
-3.941239773082410025e-01
-3.321578011969474886e-01
1.482736660361259617e-01
-1.110307399338814172e+00
-1.105507759208905982e+00
-1.482223099067512706e+00
-1.294743769966533620e+00
-1.236040825696322898e+00
3.376575822904330781e-01
-4.693063892385634372e-01
1.226053046466957230e+00
1.363711305176279032e+00
2.396415095570934017e+00
-2.570332530669078297e-02
-3.350275387713595454e-01
-6.730032594704942195e-01
-4.175929880196462829e-01
-8.234159961468577871e-01
-1.208351520814581193e+00
-1.464186183510423511e+00
-7.456399478891407862e-01
-9.445796062152778116e-01
-7.043738050328939293e-01
-8.224507816286824591e-01
-1.099265357735655257e+00
-5.884478647232009862e-01
-3.857229054631657328e-01
-6.040461652558087868e-02
1.037838783050639480e+00
1.340132675549607910e-01
1.142874926278244635e-01
4.512790101505495532e-01
7.484298117290467678e-01
2.059164768109389421e-02
1.996609263773345688e+00
1.611211285989086361e+00
1.591111956806915417e-01
2.535384691987893735e+00
-1.415050796749397488e+00
-1.219121196034796073e+00
-5.064920248424948923e-01
-6.674621414862378366e-01
-1.184345169531225928e+00
-1.977356466230120624e+00
-5.531356312782966800e-01
-1.403180466426481754e+00
-1.046466103381120671e+00
-1.539064030929918614e+00
-8.673723266508497343e-01
1.567586649518576403e-01
4.651068524352627853e-01
5.297601362996630092e-01
4.890790371834534689e-01
6.132647679217163583e-01
1.174104591389371732e+00
2.119173252523528284e+00
9.626302184057445865e-01
3.487524686774861937e+00
2.559581522405987908e+00
1.869085286553648473e+00
-7.893864342293239744e-01
-1.094751644873335206e+00
-1.163289173964484391e+00
-9.271660270874578780e-01
-9.371843132269523924e-01
-7.139369492134879369e-01
-5.440669434334453047e-01
-5.486105213176732942e-01
2.091965832089424104e-01
3.844539521494425571e-01
1.456820821037796421e-01
-9.434819234206177629e-01
-6.478630650989766204e-01
-5.909020246286920131e-01
-6.191788108505626997e-01
-1.131623699744044309e+00
-8.626812201694820104e-01
-1.234867223107778855e+00
-4.899196435825363682e-01
-1.087212293597168644e+00
-2.497630775691563887e-01
1.060039589122600212e+00
3.782911215625903156e-01
6.207401299501564829e-01
-3.652632756245354217e-01
3.935180568691771796e-01
1.768696391335283336e+00
2.031625933230128744e+00
1.823935906725383305e+00
2.779361724731691297e+00
3.854260118329809526e+00
3.078979363126786772e+00
1.943161114299973402e+00
1.385743886049519036e+00
2.923152268858434155e+00
4.432720447026101240e+00
3.545672684274779218e+00
3.532407331208003765e+00
3.094561766307784456e+00
2.707299680896714467e+00
2.276565265265292570e+00
3.319397747700008061e+00
3.156607035498490088e+00
2.973128756020293473e+00
5.032343646740340404e+00
3.888620048423754305e+00
3.033073546480615335e+00
8.270086120339875668e-01
1.724385646076949108e+00
1.189280321504295745e+00
1.623472295402939025e+00
1.099741425782045035e+00
2.214529530266531765e+00
1.485602663883593078e+00
2.219651475254443618e+00
3.533363231966888396e+00
2.975449386135585073e+00
5.016370981026725850e+00
4.305549572248447809e+00
3.095672403511947390e+00
2.758993950891202473e+00
7.033635700018991965e-02
-3.539345505508650347e-01
-7.730159320546464707e-02
-3.028295014887794068e-01
-8.391977892589573829e-01
-3.721323304874316618e-01
-6.787706223790159754e-01
-3.330970688130017732e-01
-7.016905990279175276e-01
-5.413883280833891032e-01
3.335117038296653846e-01
3.898399454604206671e-01
6.564893182882860501e-01
1.841322491924998195e+00
2.828039765451928478e-01
-1.469881842987455833e+00
-1.200041237242780223e+00
-1.653695552396573287e+00
-1.316726785627073237e+00
-1.124799475089250267e+00
-9.093452668356767354e-01
-4.505083367449805865e-01
-8.132476574090358179e-01
-9.918566946060749512e-01
-1.517298768124663910e+00
-1.378442047276243976e+00
-5.556851662642424416e-02
9.980466321444309008e-01
1.053715667811040868e+00
6.286430305690268172e-01
3.236553798262107318e-01
7.089993113207067044e-01
7.948812019111316518e-01
1.543095029827887821e+00
1.100077187768270903e+00
2.598578466968158196e+00
2.489074539335320413e+00
4.280955947707301590e+00
5.378973958795844723e+00
5.143528757686606667e+00
5.248083846039543587e+00
3.534114379875030298e+00
3.254022547212493066e+00
4.056777659581435103e+00
2.739731581926655224e+00
2.886072158488031114e+00
1.921647008462789463e+00
2.378167876465203445e+00
3.523152378009418495e+00
1.237958025173587107e+00
5.077804195183073244e-01
9.594274530719517635e-01
-5.150724020986553464e-01
-4.480486088082233920e-01
7.401339067567286323e-01
2.127253525295197178e+00
2.370829664928832514e+00
4.558474277080306614e+00
3.402445999736895210e+00
5.969484445245138993e+00
4.814496290466124151e+00
3.907541572013740083e+00
4.836193184939807210e+00
7.009348785133161286e+00
4.599149422517726293e+00
5.991571152119191446e+00
5.761671364130858564e+00
4.873699523696371827e+00
3.605522222679141908e+00
3.901578284614060088e+00
6.368142341431557441e+00
2.951091412614055276e+00
2.653832928283578863e+00
2.538776450602128421e+00
3.037192697003052722e+00
2.539822962109262949e+00
2.208506375115251164e+00
6.157117390169180027e-01
-1.240200224057663725e+00
-1.397625582758721396e+00
-8.866118652295635894e-01
1.944933601018372205e+00
-7.948640744190407226e-01
-2.209904195942389016e-01
8.097580863315412270e-02
-1.039324333839986014e-01
-1.229910583526817591e-01
-7.847586715725474171e-01
-1.091982896460060193e+00
-9.826276628655645773e-01
-1.608282297007954664e+00
-1.729294996882843050e+00
-1.481722440670025343e+00
-1.346486466117848391e+00
-8.264498785186349394e-01
-4.975076184193208406e-01
-6.280497648620142481e-01
-3.927474824720307289e-01
-1.354143505864063624e+00
-6.847149333106949953e-01
3.229276332024748619e-01
1.657250279069366616e-01
4.387294576404076607e-01
-2.347276308078700136e-01
-6.335170174535440513e-01
-6.476781881279625175e-01
-8.670324383263909862e-01
-5.473972492595836625e-01
-7.450185319481070767e-01
5.188304399038519144e-01
-8.479547346584861423e-01
-3.857778502593185443e-01
-4.352894102541186028e-01
1.377907926401917282e-01
-9.869752396759197133e-01
-8.831553075828328936e-01
-3.795151492614824984e-01
-1.107465652891997276e+00
-1.004162566548656432e+00
-7.316509004150388851e-01
-6.178814857070276112e-01
-5.363465421600843719e-01
-4.173627187971538088e-01
-3.324758839453361148e-01
1.796793748353806564e+00
-2.424777329012821059e-01
-4.054575303891096161e-02
4.544257274104228084e-01
1.468367500984466112e+00
3.288754651975489551e+00
3.123425432972660509e+00
2.837255359265046906e+00
6.991044600524876085e-01
1.467052296282532753e+00
5.682494953858767683e-01
1.042985880028433954e+00
1.066801224927708347e+00
1.121320238018794213e-02
1.313187715883987527e+00
6.102033281238445905e-01
1.739687433765698676e-01
3.186556629447373501e-02
3.133957247910100774e-01
6.092001363126520186e-01
-4.216992027993635150e-01
-8.949840873558785326e-01
-1.575488797609394975e+00
-1.228009935477742509e+00
-1.105282255971052896e+00
-4.763849683394262291e-01
-6.238929122043550546e-01
-2.724944129005801852e-01
-2.001051322823610423e-01
-2.500426368267746335e-01
7.641195754788752126e-01
3.243259496389031327e+00
3.185184935524577821e+00
1.965259446006691890e+00
-3.661715563823954023e-01
-3.054126989767620426e-01
4.688061171311237452e-01
5.295381897300560636e-01
-1.181419884440552126e-01
-9.161826816953737573e-01
-1.199608030697430161e+00
-1.366926107429373927e+00
1.037000789321035121e+00
8.537010938572809904e-01
9.575729334092880629e-01
2.594863673849786556e-01
9.060173352685970682e-01
1.079739644002108534e+00
1.048382862999236220e+00
2.979630553535370652e-01
1.196172204455016708e+00
7.154252161088232587e-01
3.170190282768374779e-01
-5.072898372437606440e-01
-8.807817925581448160e-01
