0.000000 -4.591797 
0.001716 0.001919 0.001844 0.005256 0.000591 0.003070 0.002363 -0.005750 0.005513 
0.000084 -0.000909 0.000835 -0.000124 0.000590 -0.001633 -0.000481 -0.000314 -0.002384 
0.055396 -0.105672 0.232115 0.059341 0.045310 -0.030049 0.197588 -0.079070 -0.213920 
-0.229110 0.365595 -0.498301 -0.515291 -0.115052 0.055360 -0.199367 -0.193958 0.182578 
0.000003 0.000020 0.000057 -0.000014 0.000001 -0.000054 0.000012 0.000022 0.000003 
-0.017254 -0.007977 -0.006676 0.004536 -0.005644 -0.007547 -0.053488 0.004533 -0.002606 
-0.054356 -0.006218 0.000150 0.016001 -0.008022 -0.021881 0.002208 -0.003076 0.005815 
-0.000000 -0.000002 -0.000021 0.000002 0.000013 0.000035 -0.000006 0.000006 0.000021 
0.000000 -0.000001 0.000000 -0.000000 -0.000006 0.000001 -0.000019 0.000020 0.000003 
