0.000000 -2.202462 
0.000670 0.001906 0.000000 0.000000 0.000000 0.000000 0.000000 0.000000 0.000000 
0.000061 0.000000 0.000000 0.000000 0.000000 0.000000 0.000000 0.000000 -0.002293 
0.008570 0.000000 0.000000 0.000000 0.000000 0.000000 0.000000 0.000000 -0.156526 
-0.214195 0.720639 -0.583254 0.000000 -0.111995 0.000000 -0.160655 -0.166620 0.000000 
0.000004 0.000017 0.000035 -0.000016 0.000020 -0.000026 0.000000 0.000023 0.000007 
-0.019347 -0.002676 0.000000 -0.005256 -0.006339 0.000000 0.000000 -0.000434 -0.014083 
-0.050653 -0.006185 -0.002807 0.018441 -0.005161 -0.015874 -0.004947 -0.003362 0.001349 
0.000000 0.000000 0.000000 0.000000 0.000000 0.000000 0.000000 0.000000 0.000020 
0.000000 0.000000 0.000000 -0.000001 0.000000 0.000000 -0.000004 0.000004 0.000001 
