0.000000 -6.377087 
0.003267 0.002692 0.000000 0.000000 0.000000 0.005145 0.003250 -0.005917 0.001414 
0.000349 -0.001133 0.000000 -0.000575 0.000000 -0.001070 -0.000084 0.000000 -0.003961 
-0.160119 0.000000 0.108277 0.114231 0.000000 0.039184 0.302592 -0.120492 -0.067000 
-0.023079 0.510736 -0.713221 0.000000 -0.234963 0.000000 -0.026354 0.024983 0.083764 
0.000008 0.000018 0.000031 -0.000013 0.000024 0.000000 0.000024 0.000006 0.000072 
0.003244 -0.003772 -0.014139 -0.022433 -0.024482 0.000000 0.000000 0.004485 -0.004019 
-0.037723 -0.011999 -0.007553 0.018795 -0.013343 -0.013628 -0.000142 -0.000443 0.007590 
-0.000001 0.000000 0.000000 0.000003 0.000000 -0.000004 -0.000010 0.000018 -0.000027 
0.000000 -0.000001 0.000001 -0.000001 -0.000004 0.000002 -0.000025 0.000015 0.000008 
