1.000000 2.296308 
-0.001281 -0.005331 0.002162 0.004251 -0.005869 -0.000000 -0.000615 -0.000104 0.000175 
-0.000331 -0.000192 -0.000000 0.000582 -0.000291 0.000056 -0.000582 0.000244 0.001192 
0.015207 0.054135 -0.120698 -0.094825 0.229946 -0.000000 -0.000893 0.006786 -0.000000 
0.250876 -0.710289 0.027559 0.451570 0.187706 0.036684 0.322138 0.030611 0.074248 
-0.000001 -0.000003 -0.000005 0.000002 0.000018 0.000009 0.000023 -0.000031 -0.000000 
0.009670 -0.005931 0.011663 -0.002778 0.017556 0.014141 0.014770 0.013361 -0.000728 
0.001408 0.001906 -0.002223 0.003824 0.004219 0.009977 -0.000512 -0.003017 -0.003280 
0.000001 0.000002 -0.000000 -0.000000 -0.000007 -0.000005 -0.000000 0.000004 -0.000023 
-0.000000 -0.000000 -0.000000 0.000000 -0.000000 -0.000000 -0.000000 -0.000000 -0.000000 
