0.000000 -2.395818 
0.000000 0.000000 0.000000 0.000000 0.000000 0.000000 0.000000 0.000000 0.000000 
0.000000 0.000000 0.000000 0.000003 0.000000 -0.000965 -0.000090 0.000000 0.000000 
0.000000 0.000000 0.000000 -0.188238 0.130341 0.126509 -0.231553 0.000000 0.000000 
0.495897 0.391503 -0.191073 -0.004291 -0.481940 0.000000 0.000000 0.000000 -0.449493 
0.000000 0.000024 0.000000 0.000000 0.000004 0.000000 0.000000 0.000000 0.000000 
-0.007549 0.007282 -0.002372 -0.035190 -0.025522 -0.052623 -0.050323 -0.009078 0.002348 
-0.014338 0.002198 0.000000 0.003647 -0.008962 -0.002994 -0.002862 -0.005955 0.013334 
0.000000 0.000000 0.000000 -0.000004 0.000000 0.000008 0.000002 0.000000 0.000000 
0.000000 0.000000 0.000000 0.000000 0.000011 0.000000 0.000022 0.000000 0.000000 
