0.000000 0.621001 
0.003150 -0.001269 0.000118 0.001080 0.000000 0.000000 -0.000122 0.000866 0.003606 
0.000236 -0.000022 0.000225 -0.000004 -0.000042 -0.001551 -0.001693 0.004165 -0.001195 
-0.258688 0.378953 -0.004399 0.274782 0.000000 0.000000 0.123733 -0.111157 -0.102079 
0.020166 0.340870 0.000000 0.091798 0.298008 -0.465368 -0.421542 0.221924 0.116269 
0.000004 0.000008 -0.000020 -0.000011 0.000039 -0.000012 0.000023 0.000011 -0.000085 
0.015446 0.003598 -0.000509 0.000000 -0.012327 0.000539 0.015459 -0.007622 0.004402 
0.013514 -0.021281 -0.027669 0.000000 -0.002586 -0.002265 0.033488 -0.014601 -0.038450 
-0.000002 -0.000001 0.000006 -0.000004 -0.000009 0.000034 0.000028 -0.000074 0.000096 
-0.000000 0.000000 -0.000000 0.000004 -0.000007 0.000013 -0.000066 0.000007 -0.000014 
