0.000000 -0.208754 
0.003294 -0.001114 0.000395 0.001424 0.000000 0.000000 -0.000165 0.000775 0.003618 
0.000240 -0.000085 0.000263 0.000013 0.000030 -0.001555 -0.001644 0.004069 -0.001122 
-0.246058 0.387143 -0.018546 0.259517 0.000000 0.000000 0.126847 -0.105621 -0.102207 
-0.023382 0.312749 0.111915 0.092206 0.300516 -0.491589 -0.413983 0.211537 0.107263 
0.000005 0.000008 -0.000021 -0.000011 0.000039 -0.000011 0.000022 0.000010 -0.000087 
0.015955 0.003117 0.000485 0.000000 -0.012417 0.000211 0.014988 -0.007521 0.004192 
0.013178 -0.021557 -0.026006 0.000000 -0.003264 -0.004736 0.036232 -0.014872 -0.039371 
-0.000002 -0.000001 0.000007 -0.000004 -0.000007 0.000035 0.000027 -0.000073 0.000096 
-0.000000 0.000001 -0.000000 0.000004 -0.000008 0.000014 -0.000065 0.000007 -0.000016 
