0.000000 -2.526742 
0.004835 0.004519 -0.004173 -0.002012 0.001258 -0.007263 0.001535 0.002809 -0.000899 
0.000199 0.000299 -0.000186 -0.000063 -0.000487 0.000072 -0.000659 0.000540 0.001689 
-0.149599 0.028003 0.116961 0.131340 0.047239 -0.051443 -0.046478 0.130062 0.004794 
0.470193 -0.410667 -0.196690 -0.008897 0.151573 -0.013812 -0.397269 -0.272789 0.017760 
0.000001 -0.000002 -0.000003 -0.000008 0.000003 0.000001 0.000121 -0.000048 0.000583 
0.001800 -0.002454 -0.069940 -0.001182 0.005324 -0.007022 -0.025293 0.000000 0.000000 
-0.034481 0.007627 -0.002203 -0.038081 -0.040333 -0.115649 -0.011072 0.000000 0.462748 
-0.000001 0.000002 0.000003 0.000001 0.000008 -0.000001 -0.000090 -0.000012 -0.000329 
0.000000 -0.000003 0.000000 0.000000 -0.000001 -0.000000 0.000007 0.000064 0.000005 
