0.000000 -1.362088 
0.001122 -0.000335 0.000000 0.000000 0.000000 -0.000790 -0.000848 0.001110 -0.000207 
0.000083 -0.000314 0.000381 -0.000582 0.000000 0.000677 -0.000318 0.000000 0.000383 
0.000000 0.123232 -0.029316 0.037014 -0.000503 0.015771 -0.058978 0.000000 -0.012650 
-0.267825 -0.017091 0.000000 -0.797187 0.451466 -0.128785 0.163834 -0.127605 -0.075947 
0.000009 0.000000 0.000000 0.000003 -0.000014 -0.000002 -0.000049 0.000046 -0.000201 
-0.004856 -0.006736 -0.007731 -0.011230 -0.003059 0.002146 0.007722 -0.000833 0.009581 
0.033113 -0.011337 -0.007538 -0.002182 -0.007856 -0.007016 0.002176 0.002978 0.005466 
-0.000004 0.000004 -0.000001 0.000000 -0.000013 -0.000007 0.000051 0.000022 0.000175 
0.000000 -0.000000 -0.000000 -0.000002 0.000004 0.000001 -0.000139 0.000069 -0.000064 
