1.000000 2.576882 
0.007880 -0.003537 -0.001698 -0.008038 0.003034 0.000372 -0.004209 -0.008953 0.000000 
-0.000200 0.001886 0.002667 0.000698 -0.008581 0.000000 0.000452 0.008419 0.000453 
-0.581275 -0.027027 0.263487 0.071856 0.000000 -0.153559 0.194133 -0.080361 -0.146503 
0.325747 -0.102732 0.032153 0.330951 -0.248043 0.286107 -0.185220 0.225022 0.179261 
-0.000047 0.000140 0.000042 -0.000095 -0.000718 -0.000602 0.000524 -0.000666 -0.001730 
-0.011749 0.009900 -0.022565 0.010485 0.021951 -0.019006 -0.043203 -0.008736 -0.003302 
-0.004729 0.012264 -0.067989 0.011501 -0.010210 0.003458 -0.007717 0.014163 -0.023567 
0.000010 -0.000099 -0.000106 0.000016 0.000820 0.000394 -0.000499 0.000000 0.001333 
-0.000007 0.000028 -0.000025 0.000019 0.000000 -0.000098 0.000142 -0.000497 0.000214 
