1.000000 0.926461 
-0.003295 -0.000000 0.002763 -0.001289 -0.000000 -0.000338 0.001506 -0.002224 -0.001422 
0.000025 -0.000000 -0.000279 0.000571 0.001206 0.001054 0.000889 -0.000000 -0.000644 
0.062528 0.130179 -0.001145 0.079883 -0.193702 -0.020221 0.075167 0.018319 0.026021 
0.253095 -0.800118 -0.020607 0.396444 -0.176910 -0.000000 0.123359 0.131507 -0.000000 
0.000004 -0.000007 0.000000 0.000000 -0.000022 -0.000000 -0.000012 -0.000019 0.000158 
-0.007194 -0.007395 0.003453 -0.006609 -0.003696 -0.018338 0.009254 -0.003583 -0.000203 
0.000360 0.000766 -0.010710 0.002518 0.000773 -0.003542 0.007738 0.040119 -0.008575 
-0.000004 -0.000000 -0.000006 -0.000006 -0.000000 -0.000005 0.000008 -0.000000 -0.000166 
0.000001 -0.000001 -0.000000 0.000000 -0.000009 0.000008 -0.000079 0.000044 0.000016 
